[[-1.66670250e+05]
 [-6.58709062e+04]
 [ 2.73075312e+05]
 [ 1.93103141e+05]
 [ 1.70099375e+05]
 [-2.48961906e+05]
 [ 3.27879688e+04]
 [ 2.50869180e+04]
 [-3.71162617e+04]
 [ 3.83556602e+04]
 [-7.81622422e+04]
 [-1.20918828e+04]
 [ 5.06083008e+03]
 [ 1.24135693e+04]
 [-1.07722129e+04]
 [ 1.01803105e+04]
 [-2.39407422e+03]
 [ 1.92025500e+03]
 [-1.47800479e+04]
 [ 1.07233242e+04]
 [-1.27134863e+04]
 [-1.35050303e+04]
 [ 3.03227246e+03]
 [-2.82783281e+04]
 [ 4.03933911e+03]
 [ 4.40725586e+02]
 [-1.28661494e+04]
 [ 1.94874670e+03]
 [-4.26649658e+03]
 [ 1.24085625e+04]
 [-2.68236328e+03]
 [-3.08830029e+03]
 [-4.59871436e+03]
 [-1.95311768e+02]
 [-4.42659180e+03]
 [-1.13439102e+04]
 [ 7.96788208e+02]
 [ 6.20482422e+03]
 [-2.91427588e+03]
 [ 1.15754382e+03]]