5229
5358
5488
5360
5490
10636
10635
10765
10764
10892
10891
10890
10889
8871
8750
7430
7549
7669
7670
7671
7551
7431
7432
7312
7433
7313
7193
7314
7194
7074
7195
7075
7073
7072
7191
7192
7311
7310
5357
5356
5355
5483
5484
5613
5614
5615
5485
5486
5616
5617
5487
5618
5619
5489
5620
5621
5491
5622
5750
5751
5880
5881
10507
10378
10252
10127
10004
9882
10003
10126
10251
10125
10250
10376
10377
10505
10506
10634
10633
10763
10762
10632
10503
10375
10249
10374
10248
10123
10124
10001
10002
9880
9881
9761
9641
9642
9522
9402
9401
9282
9163
9162
9042
9043
8923
8803
8802
8682
8562
8563
8203
8083
7963
8082
8202
8323
8442
8441
8561
8681
8560
8680
8800
8801
8921
8922
9041
9161
9160
9280
9281
9400
9520
9521
9640
9639
9759
9758
9879
9878
10000
9999
10122
10247
10121
10246
10372
10373
10501
10502
10631
10630
10760
10761
10888
11018
11019
8873
8875
8874
8754
8755
8635
8756
8636
8516
8637
8517
8397
8518
8398
8278
8399
8279
8159
8280
8160
8040
8161
8041
7921
8042
7922
7802
7923
7803
7683
7804
7684
7564
7685
7565
7445
7446
7326
7447
7327
7207
7328
7208
7088
7209
7089
6969
7090
6970
6849
6971
6850
6729
6851
6730
6607
6731
6608
6487
6609
6488
6606
6605
6726
6725
6847
6967
6968
6848
6728
7087
7086
7206
7205
7325
7324
7444
7443
7563
7562
7682
7681
7801
7800
7920
7919
8039
8038
8158
8157
8277
8276
8396
8395
8515
8514
8634
8633
8753
8752
8872
8751
8631
8632
8512
8513
8393
8394
8274
8275
8155
8156
8036
8037
7917
7918
7798
7799
7679
7680
7560
7561
7441
7442
7322
7323
7203
7204
7084
7085
6965
6966
6845
6844
5482
5611
5612
5740
5741
5742
5870
5871
5872
5743
5744
5873
5874
5745
5746
5875
5876
5747
5748
5877
5878
5879
6008
6009
6010
6139
7843
7723
7602
7362
7122
7002
7001
6881
6759
6391
6265
6266
6138
6137
6007
6006
6136
6263
6264
6390
6392
6514
6636
6758
6879
6880
7000
7120
7121
7241
7242
7361
7481
7482
7601
7721
7722
7842
7961
7962
8081
8201
8200
8320
8321
8440
8439
8559
8679
8558
8678
8798
8799
8919
8920
9039
9159
9038
9158
9278
9279
9399
9398
9519
9638
9637
9757
9756
9877
9876
9998
9997
10120
10244
10370
10371
10499
10500
10629
10628
10758
10759
10887
10886
11016
11017
8998
8999
8879
9000
8880
8760
8881
8761
8641
8762
8642
8522
8643
8523
8403
8524
8404
8284
8405
8285
8286
8166
8046
8167
8047
7927
8048
7808
7929
7809
7689
7810
7690
7570
7691
7571
7451
7572
7452
7332
7453
7333
7213
7334
7214
7094
7215
7095
6975
6976
6855
6977
6856
6735
6857
6736
6614
6493
6615
6494
6370
6495
6371
6245
6372
6246
6119
6247
6120
5990
6121
6118
6244
6243
6369
6368
6492
6491
6612
6611
6734
6733
6854
6853
6974
6973
7093
7092
7212
7211
7331
7330
7450
7449
7569
7568
7688
7687
7807
7806
7926
7925
8045
8044
8164
8163
8283
8282
8402
8401
8521
8520
8640
8639
8759
8758
8878
8877
8997
8996
8876
8757
8638
8519
8400
8281
8162
8043
7924
7805
7686
7448
7329
7210
7091
6972
6852
6732
6610
6489
6490
6367
5738
5739
5868
5869
5998
5999
6000
6129
6130
6131
6001
6002
6132
6133
6003
6004
6134
6135
6005
6262
6388
6389
6512
6633
6634
6756
6877
6878
6998
7119
7239
7240
7360
7359
7479
7480
7600
7719
7720
7840
7839
7959
7960
8079
8078
8318
8319
8438
8437
8677
8556
8676
8796
8797
8917
8918
9037
9036
9276
9277
9397
9396
9516
9517
9636
9635
9755
9875
9996
9995
10118
10243
10117
10242
10368
10369
10497
10498
10627
10626
10756
10757
10885
10884
11014
11015
10883
9122
9120
9121
9001
9002
8882
8883
8763
8764
8644
8645
8525
8526
8406
8407
8287
8288
8168
8169
8049
8050
7930
7931
7811
7812
7692
7693
7573
7574
7454
7455
7335
7336
7216
7217
7097
7098
6978
6979
6858
6859
6738
6739
6616
6617
6496
6497
6373
6374
6248
6249
5992
6123
5993
5864
5994
5865
5736
5866
5737
5996
5997
6127
6128
6255
6256
6257
6383
6384
6258
6259
6385
6386
6260
6387
6511
6510
6631
6632
6755
6754
6875
6876
6997
6996
7116
7117
7237
7358
7357
7477
7478
7598
7597
7717
7718
7838
7837
7957
7958
8077
8197
8076
8196
8316
8317
8436
8435
8555
8554
8794
8795
9035
9155
9034
9154
9274
9275
9394
9514
9515
9634
9633
9753
9752
9873
9872
9994
9993
10116
10241
10115
10240
10366
10367
10495
10496
10625
10624
10754
10623
10753
9366
9367
9246
9247
9127
9248
9128
9008
9129
9009
8889
9010
8890
8770
8891
8771
8651
8772
8652
8653
8533
8413
8534
8414
8294
8415
8295
8175
8296
8176
8056
8177
8057
8058
7938
7818
7939
7819
7699
7820
7700
7580
7579
7459
7460
7340
7461
7341
7221
7342
7222
7102
7223
7103
6983
7104
6984
6863
6985
6864
6743
6865
6744
6621
6745
6622
6501
6623
6378
6503
6379
6253
6254
6126
6125
5995
6124
6251
6252
6377
6376
6500
6499
6620
6619
6742
6741
6861
6982
6981
7101
7100
7220
7219
7339
7338
7458
7578
7457
7577
7697
7698
7817
7816
7936
7935
8055
8054
8173
8293
8292
8412
8411
8531
8530
8650
8649
8769
8768
8888
8887
9007
9006
9126
9125
9245
9243
9244
9123
9124
9004
9005
8885
8886
8766
8767
8647
8648
8528
8529
8409
8410
8290
8291
8171
8172
8052
8053
7933
7934
7814
7815
7695
7696
7576
7575
7456
7337
7218
7099
6980
6860
6740
6618
6498
6375
6250
7813
7932
8051
8170
8289
8408
8527
8646
8765
8884
9003
6381
6505
6506
6507
6627
6628
6629
6508
6509
6630
6753
6873
6874
6995
6994
7114
7115
7235
7236
7356
7355
7475
7476
7595
7715
7716
7835
7955
7956
8075
8195
8194
8314
8315
8434
8433
8553
8673
8552
8672
8792
8793
8913
8914
9033
9153
9032
9152
9272
9273
9393
9392
9512
9513
9632
9631
9751
9750
9870
9992
9991
10114
10239
10113
10238
10364
10365
10493
10494
10622
10621
10492
10491
10363
10237
10362
10236
10111
10112
9989
9869
9748
9749
9629
9630
9510
9511
9391
9270
9271
9151
9150
9030
9031
8911
8912
8791
8671
8790
8670
8550
8551
8431
8432
8313
8193
8192
8072
8073
7953
7954
7834
7833
7713
7714
7594
7593
7473
7474
7354
7353
7233
7234
7113
6993
7112
6992
6871
6872
6751
6750
6749
6626
6748
6869
6870
6991
6990
7110
7231
7232
7352
7351
7471
7472
7592
7591
7711
7712
7832
7831
7951
7952
8071
8191
8070
8190
8310
8311
8430
8429
8549
8669
8548
8668
8788
8789
8909
8910
9029
9149
9028
9148
9268
9269
9389
9388
9508
9509
9628
9627
9747
9746
9867
9866
9988
9987
10110
10235
10109
10234
9981
9858
9857
9736
9735
9613
9734
9614
9494
9615
9495
9375
9496
9376
9256
9377
9257
9258
9138
9018
9139
9019
8899
9020
8780
8901
8781
8661
8782
8662
8542
8663
8423
8544
8424
8304
8425
8305
8185
8306
8186
8187
8067
7947
8068
7948
7828
7949
7829
7709
7830
7710
7590
7589
7469
7470
7350
7349
7229
7230
7109
6989
7108
6868
6746
6866
6987
6986
7106
7107
7228
7348
7347
7467
7588
7587
7708
7827
7826
7946
7945
8065
8064
8184
8183
8303
8302
8422
8421
8541
8540
8660
8779
8778
8898
8897
9017
9016
9136
9135
9255
9254
9374
9373
9492
9612
9490
9369
9370
9250
9371
9251
9131
9252
9132
9012
9133
9013
8893
9014
8894
8774
8895
8775
8655
8536
8537
8417
8538
8418
8298
8419
8299
8179
8300
8180
8060
8181
8061
7941
8062
7942
7822
7943
7703
7824
7704
7584
7705
7585
7586
7466
7346
7345
7225
7226
7105
7224
7344
7343
7463
7464
7583
7582
7702
7701
7821
7940
8059
8178
8297
8416
8535
8654
8773
8892
9011
9130
9249
9368
7581
7462
7706
7825
7944
8063
8182
8301
8420
8539
8658
8777
8896
9015
9134
9253
9372
9491
7950
8069
8189
8188
8308
8309
8428
8427
8547
8667
8666
8786
8787
8907
9027
9147
9026
9146
9266
9267
9387
9386
9506
9507
9626
9625
9745
9744
9865
9864
9985
10108
10233
10107
9984
9862
9863
9742
9743
9623
9504
9505
9385
9384
9264
9265
9145
9024
9025
8906
8665
8784
8664
8545
8307
8783
8903
8904
9023
9143
9022
9142
9262
9263
9383
9382
9502
9503
9622
9621
9741
9740
9861
9860
9982
9738
9739
9619
9620
9500
9381
9380
9261
9141
9021
8902
9259
9379
9378
9498
9499
9618
9617
9737
9616
9497
10106
5863
6242
6843
6842
6963
6962
7082
7083
6964
7202
7201
7321
7320
7440
7439
7559
7678
7677
7797
7796
7916
7915
8035
8034
8154
8153
8273
8272
8392
8391
8511
8510
8629
8509
8389
8390
8270
8271
8151
8152
8032
8033
7913
7914
7794
7795
7675
7676
7556
7557
7437
7438
7318
7319
7199
7200
7080
7081
6961
6960
6959
6958
7077
7078
7197
7198
7079
7317
7316
7436
7435
7555
7554
7674
7673
7793
7792
7912
7911
8031
8030
8150
8149
8269
8268
8388
8148
8027
7908
8028
7909
7788
7789
7790
7668
7910
7791
7672
7553
7434
7315
7196
7076
8029
6840
6724
